19700102
19700103
19700104
19700106
19700107
19700108
19700113
19700114
19700117
19700118
19700120
19700121
19700124
19700129
19700131
19700201
19700203
19700216
19700217
19700219
19700220
19700221
19700222
19700224
19700225
19700227
19700228
19700302
19700304
19700305
19700308
19700309
19700317
19700320
19700321
19700416
19700417
19700503
19700504
19700521
19700922
19701002
19701003
19701016
19701018
19701019
19701025
19701026
19701116
19701117
19701123
19701124
19701203
19701215
19701216
19701217
19701221
19701222
19701223
19701230
19701231
19710101
19710105
19710106
19710107
19710108
19710109
19710110
19710111
19710114
19710117
19710118
19710121
19710123
19710124
19710126
19710202
19710203
19710205
19710206
19710211
19710215
19710216
19710217
19710218
19710219
19710220
19710221
19710222
19710224
19710225
19710226
19710227
19710228
19710301
19710302
19710303
19710304
19710305
19710306
19710309
19710313
19710315
19710316
19710317
19710318
19710327
19710328
19710329
19710330
19710403
19710410
19710411
19710529
19710531
19710602
19710701
19710901
19710902
19710903
19710917
19710918
19711001
19711005
19711017
19711018
19711028
19711029
19711030
19711031
19711103
19711119
19711120
19711121
19711122
19711123
19711124
19711127
19711129
19711202
19711209
19711210
19711211
19711221
19711230
19720108
19720109
19720112
19720114
19720115
19720119
19720120
19720121
19720123
19720124
19720125
19720127
19720129
19720205
19720211
19720212
19720213
19720214
19720215
19720222
19720225
19720227
19720302
19720303
19720304
19720306
19720307
19720312
19720318
19720319
19720406
19720407
19720408
19720412
19720413
19720414
19720415
19720419
19720420
19720421
19720429
19720430
19720504
19720529
19720530
19720704
19720716
19720825
19720826
19720925
19720926
19720928
19720929
19721003
19721004
19721005
19721006
19721008
19721009
19721010
19721014
19721015
19721016
19721017
19721018
19721019
19721021
19721022
19721029
19721030
19721031
19721101
19721113
19721125
19721126
19721202
19721203
19721206
19721207
19721225
19721228
19721229
19730102
19730103
19730104
19730106
19730114
19730117
19730120
19730123
19730124
19730125
19730126
19730128
19730129
19730130
19730206
19730212
19730213
19730216
19730217
19730218
19730220
19730221
19730224
19730225
19730226
19730227
19730228
19730305
19730310
19730311
19730313
19730316
19730318
19730319
19730325
19730328
19730404
19730405
19730406
19730415
19730416
19730419
19730420
19730902
19730928
19730929
19731009
19731010
19731011
19731014
19731023
19731024
19731025
19731028
19731029
19731109
19731110
19731111
19731128
19731129
19731130
19731201
19731202
19731203
19731206
19731207
19731210
19731211
19731214
19731215
19731216
19731220
19731223
19740101
19740102
19740103
19740107
19740109
19740110
19740111
19740112
19740114
19740118
19740119
19740124
19740125
19740205
19740206
19740207
19740208
19740209
19740215
19740216
19740220
19740223
19740224
19740225
19740305
19740306
19740307
19740310
19740311
19740313
19740314
19740315
19740316
19740406
19740407
19740411
19740415
19740417
19740519
19740923
19740925
19741016
19741020
19741021
19741029
19741030
19741031
19741101
19741104
19741105
19741107
19741108
19741109
19741110
19741126
19741127
19741128
19741129
19741130
19741206
19741207
19741209
19741213
19741214
19741215
19741216
19741231
19750101
19750102
19750103
19750108
19750109
19750110
19750128
19750129
19750130
19750131
19750209
19750213
19750214
19750217
19750218
19750219
19750221
19750227
19750309
19750310
19750323
19750324
19750325
19750417
19750424
19750426
19750427
19750506
19750513
19750514
19750606
19750607
19751006
19751020
19751023
19751024
19751108
19751109
19751114
19751115
19751116
19751122
19751123
19751124
19751128
19751129
19751130
19751202
19751203
19751207
19751208
19751212
19751213
19751214
19751218
19751219
19751220
19751225
19751226
19760107
19760115
19760116
19760117
19760119
19760122
19760128
19760129
19760202
19760203
19760206
19760207
19760213
19760214
19760218
19760307
19760311
19760312
19760313
19760315
19760318
19760319
19760322
19760329
19760411
19760412
19760415
19760422
19760524
19760525
19760606
19761014
19761015
19761017
19761018
19761019
19761020
19761022
19761023
19761024
19761027
19761028
19761031
19761101
19761102
19761103
19761115
19761119
19761120
19761121
19761123
19761124
19761126
19761202
19761203
19761204
19761205
19761212
19761213
19761223
19761224
19761226
19761227
19770110
19770113
19770116
19770117
19770118
19770214
19770216
19770217
19770228
19770301
19770402
19770411
19770412
19770413
19770421
19770422
19770516
19770604
19770911
19770924
19770927
19770928
19770929
19770930
19771014
19771015
19771102
19771103
19771114
19771115
19771117
19771120
19771121
19771126
19771127
19771129
19771202
19771203
19771204
19771207
19771210
19771211
19771216
19771217
19771218
19771219
19771220
19771226
19771227
19771231
19780101
19780102
19780105
19780106
19780107
19780108
19780116
19780117
19780119
19780120
19780121
19780122
19780123
19780124
19780125
19780126
19780130
19780131
19780201
19780202
19780203
19780204
19780205
19780206
19780207
19780208
19780209
19780214
19780215
19780216
19780217
19780218
19780227
19780311
19780312
19780313
19780322
19780323
19780325
19780326
19780327
19780328
19780402
19780403
19780404
19780414
19780419
19780420
19780422
19780423
19780426
19780909
19780913
19780914
19780915
19780921
19780922
19781019
19781021
19781022
19781027
19781028
19781029
19781127
19781128
19781129
19781130
19781205
19781206
19781207
19781210
19781223
19781224
19781226
19781227
19790102
19790103
19790105
19790107
19790111
19790112
19790113
19790114
19790115
19790117
19790118
19790126
19790129
19790201
19790204
19790205
19790206
19790207
19790208
19790209
19790218
19790219
19790222
19790226
19790305
19790306
19790311
19790321
19790401
19790402
19790403
19790417
19790419
19790511
19790512
19791003
19791007
19791019
19791020
19791021
19791022
19791026
19791027
19791030
19791031
19791101
19791104
19791105
19791106
19791107
19791115
19791118
19791119
19791120
19791121
19791124
19791125
19791126
19791127
19791203
19791204
19791210
19791212
19791213
19791215
19791216
19791217
19791218
19791223
19791224
19791229
19791230
19791231
19800101
19800102
19800103
19800104
19800105
19800106
19800107
19800112
19800116
19800117
19800120
19800121
19800122
19800127
19800202
19800204
19800208
19800209
19800212
19800213
19800218
19800219
19800220
19800229
19800306
19800307
19800308
19800309
19800310
19800311
19800316
19800317
19800327
19800405
19800406
19800409
19800410
19800420
19800501
19800502
19800515
19800520
19800524
19800602
19800603
19801020
19801021
19801022
19801023
19801026
19801027
19801028
19801102
19801110
19801111
19801128
19801129
19801130
19801201
19801202
19801204
19801205
19801209
19801210
19801219
19801220
19801221
19801222
19801223
19801224
19801225
19801226
19810105
19810106
19810107
19810108
19810109
19810110
19810114
19810115
19810116
19810117
19810119
19810121
19810122
19810123
19810124
19810125
19810126
19810127
19810128
19810129
19810130
19810206
19810207
19810214
19810215
19810217
19810218
19810223
19810224
19810226
19810227
19810319
19810419
19810502
19810505
19811024
19811027
19811107
19811108
19811109
19811115
19811116
19811126
19811127
19811128
19811129
19811130
19811201
19811204
19811205
19811212
19811213
19811214
19811215
19811216
19811217
19811220
19811222
19811223
19811224
19811227
19820124
19820125
19820126
19820127
19820128
19820129
19820130
19820210
19820211
19820218
19820219
19820221
19820222
19820223
19820224
19820225
19820226
19820227
19820228
19820303
19820304
19820307
19820308
19820312
19820315
19820316
19820319
19820320
19820321
19820322
19820323
19820324
19820402
19820403
19820420
19820421
19820422
19820428
19820429
19820516
19821003
19821004
19821005
19821012
19821013
19821027
19821106
19821115
19821116
19821117
19821118
19821119
19821120
19821128
19821129
19821210
19821211
19821212
19821218
19821219
19821220
19821224
19821225
19821226
19821227
19821229
19821230
19821231
19830115
19830116
19830120
19830121
19830122
19830131
19830201
19830203
19830204
19830205
19830216
19830217
19830218
19830222
19830223
19830228
19830302
19830303
19830327
19830331
19830401
19830406
19830510
19830617
19831019
19831024
19831027
19831028
19831031
19831101
19831109
19831110
19831115
19831118
19831119
19831122
19831128
19831129
19831130
19831201
19831202
19831203
19831204
19831205
19831206
19831207
19831208
19831209
19831210
19831215
19831220
19831223
19840106
19840107
19840111
19840112
19840113
19840116
19840124
19840125
19840202
19840203
19840206
19840208
19840209
19840210
19840211
19840212
19840215
19840216
19840217
19840218
19840219
19840303
19840305
19840306
19840307
19840308
19840309
19840310
19840319
19840320
19840322
19840406
19840407
19840408
19840412
19840413
19840414
19840415
19840419
19841101
19841102
19841103
19841104
19841105
19841113
19841114
19841115
19841116
19841119
19841120
19841121
19841204
19841222
19841223
19841224
19841225
19841226
19841227
19841229
19841230
19841231
19850101
19850103
19850104
19850106
19850107
19850108
19850109
19850110
19850113
19850114
19850117
19850118
19850119
19850120
19850128
19850129
19850207
19850212
19850213
19850214
19850218
19850223
19850224
19850225
19850303
19850304
19850313
19850315
19850316
19850318
19850319
19850322
19850323
19850326
19850330
19850417
19850418
19850419
19850511
19851014
19851015
19851016
19851017
19851023
19851024
19851104
19851106
19851107
19851120
19851123
19851124
19851125
19851127
19851128
19851129
19851210
19851212
19851213
19851214
19851220
19851221
19851223
19860101
19860102
19860106
19860107
19860109
19860110
19860111
19860114
19860116
19860117
19860124
19860125
19860126
19860128
19860129
19860202
19860204
19860205
19860206
19860207
19860208
19860209
19860210
19860211
19860212
19860213
19860216
19860217
19860222
19860223
19860225
19860226
19860305
19860311
19860328
19860419
19860420
19860430
19860501
19860502
19860610
19860611
19860923
19860924
19861017
19861020
19861027
19861028
19861029
19861030
19861031
19861104
19861105
19861123
19861124
19861128
19861217
19861218
19861220
19861222
19861223
19861224
19861225
19861226
19861228
19870103
19870104
19870105
19870107
19870108
19870109
19870111
19870112
19870118
19870119
19870125
19870130
19870208
19870214
19870215
19870216
19870217
19870223
19870224
19870303
19870304
19870306
19870307
19870309
19870310
19870311
19870312
19870315
19870316
19870317
19870322
19870323
19870324
19870331
19870401
19870402
19870411
19870414
19870415
19870428
19870429
19870430
19871001
19871008
19871030
19871031
19871103
19871104
19871105
19871111
19871112
19871118
19871119
19871121
19871122
19871127
19871129
19871130
19871201
19871206
19871209
19871211
19871212
19871215
19871216
19871220
19871221
19880101
19880102
19880110
19880111
19880122
19880123
19880124
19880131
19880201
19880210
19880213
19880214
19880215
19880221
19880224
19880225
19880226
19880301
19880302
19880303
19880306
19880307
19880308
19880309
19880310
19880312
19880318
19880319
19880324
19880325
19880415
19881021
19881022
19881023
19881025
19881026
19881031
19881101
19881104
19881105
19881106
19881114
19881115
19881116
19881120
19881121
19881122
19881123
19881124
19881125
19881126
19881202
19881203
19881205
19881208
19881209
19881210
19881211
19881215
19881216
19881217
19881218
19881221
19890108
19890109
19890124
19890125
19890214
19890215
19890305
19890306
19890312
19890323
19890324
19890325
19890413
19890414
19890503
19890505
19890928
19891004
19891005
19891006
19891008
19891009
19891016
19891107
19891108
19891109
19891113
19891117
19891120
19891123
19891124
19891127
19891128
19891208
19891209
19891210
19891226
19891227
19891228
19891229
19900101
19900102
19900210
19900211
19900212
19900213
19900228
19900410
19900411
19900413
19900912
19901023
19901028
19901029
19901107
19901108
19901113
19901114
19901115
19901116
19901120
19901130
19901201
19901202
19901203
19901204
19901205
19901206
19901207
19901210
19901211
19901212
19901213
19901214
19901215
19901216
19901218
19901219
19901220
19901222
19901225
19901226
19901227
19901228
19901229
19910102
19910115
19910116
19910118
19910127
19910128
19910202
19910205
19910206
19910213
19910215
19910218
19910221
19910222
19910225
19910311
19910316
19910317
19910331
19910401
19910402
19910406
19910407
19910413
19910428
19910429
19910430
19910501
19910510
19910514
19910515
19910525
19911004
19911005
19911006
19911021
19911027
19911028
19911029
19911030
19911031
19911107
19911108
19911109
19911117
19911118
19911206
19911207
19911208
19911209
19911210
19911211
19911219
19911220
19911221
19911222
19911223
19911225
19911226
19911228
19911229
19920121
19920128
19920129
19920201
19920202
19920204
19920215
19920221
19920222
19920223
19920312
19920316
19920317
19920318
19920327
19920328
19920407
19920410
19920411
19920412
19920418
19920419
19920420
19920507
19920526
19920628
19921023
19921113
19921114
19921118
19921119
19921120
19921121
19921130
19921201
19921207
19921209
19921210
19921213
19921214
19921218
19921219
19921227
19921228
19921229
19921231
19930101
19930102
19930103
19930104
19930107
19930126
19930127
19930130
19930216
19930217
19930220
19930221
19930222
19930223
19930224
19930225
19930226
19930304
19930305
19930306
19930307
19930308
19930327
19930328
19930406
19930508
19930513
19930514
19930905
19931113
19931114
19931116
19931117
19931118
19931119
19931120
19931121
19931122
19931127
19931128
19931129
19931130
19931201
19931225
19931226
19931227
19931231
19940101
19940102
19940109
19940110
19940112
19940113
19940120
19940121
19940127
19940128
19940129
19940130
19940207
19940208
19940209
19940210
19940211
19940212
19940213
19940214
19940215
19940219
19940220
19940221
19940222
19940305
19940309
19940318
19940327
19940328
19940405
19940406
19940407
19940507
19940511
19941010
19941011
19941019
19941020
19941021
19941022
19941023
19941108
19941109
19941112
19941113
19941118
19941119
19941120
19941121
19941211
19941215
19941216
19941220
19941221
19941222
19941223
19941224
19941226
19941227
19950103
19950104
19950105
19950106
19950107
19950109
19950110
19950111
19950112
19950113
19950114
19950115
19950116
19950120
19950128
19950206
19950217
19950225
19950303
19950306
19950310
19950313
19950314
19950315
19950323
19950330
19950331
19950409
19950412
19950416
19950831
19950921
19950925
19950928
19950929
19951025
19951103
19951104
19951105
19951106
19951107
19951108
19951114
19951115
19951120
19951121
19951122
19951201
19951202
19951203
19951204
19951205
19951206
19951207
19951213
19951214
19951218
19951219
19951220
19951229
19951230
19960101
19960102
19960103
19960104
19960108
19960109
19960116
19960117
19960122
19960126
19960127
19960130
19960131
19960205
19960206
19960207
19960208
19960209
19960212
19960213
19960216
19960218
19960219
19960221
19960222
19960223
19960225
19960228
19960229
19960303
19960305
19960306
19960312
19960314
19960316
19960317
19960331
19960401
19960415
19960529
19960530
19960908
19960927
19961009
19961010
19961017
19961018
19961021
19961024
19961120
19961125
19961126
19961127
19961129
19961130
19961201
19961202
19961203
19961204
19961211
19961212
19961218
19961225
19961226
19961227
19961228
19961229
19961230
19970107
19970108
19970111
19970112
19970113
19970114
19970207
19970208
19970209
19970217
19970219
19970220
19970228
19970301
19970308
19970309
19970310
19970311
19970312
19970320
19970321
19970330
19970402
19970404
19970405
19970413
19970414
19970419
19970430
19970501
19971014
19971015
19971019
19971022
19971023
19971024
19971025
19971029
19971030
19971115
19971116
19971118
19971119
19971120
19971121
19971123
19971124
19971125
19971126
19971128
19971129
19971130
19971201
19971202
19971203
19971204
19971206
19971207
19971208
19971214
19971215
19971216
19971227
19971228
19980118
19980119
19980120
19980121
19980122
19980123
19980126
19980127
19980201
19980202
19980204
19980205
19980206
19980309
19980310
19980311
19980315
19980320
19980321
19980322
19980323
19980325
19980326
19980327
19980328
19980425
19980429
19980509
19980510
19980516
19980517
19980519
19980919
19980920
19980929
19981013
19981014
19981015
19981027
19981112
19981113
19981114
19981119
19981120
19981121
19981122
19981123
19981124
19981126
19981127
19981128
19981129
19981204
19981205
19981208
19981209
19981212
19981214
19981215
19981216
19981218
19981222
19981223
19981224
19981230
19990103
19990104
19990105
19990114
19990128
19990129
19990130
19990131
19990201
19990202
19990206
19990207
19990208
19990209
19990211
19990212
19990213
19990217
19990218
19990305
19990317
19990318
19990319
19990320
19990323
19990324
19990327
19990328
19990329
19990330
19990331
19990404
19990425
19991016
19991017
19991019
19991107
19991108
19991109
19991118
19991120
19991122
19991123
19991206
19991207
19991211
19991212
19991214
19991220
19991221
19991222
19991223
19991224
19991231
20000114
20000115
20000117
20000119
20000123
20000124
20000204
20000210
20000211
20000212
20000215
20000217
20000218
20000219
20000220
20000221
20000303
20000316
20000317
20000322
20000419
20000420
20000421
20001006
20001007
20001008
20001009
20001010
20001028
20001125
20001126
20001127
20001128
20001205
20001206
20001207
20001221
20001222
20001223
20001226
20001229
20001230
20001231
20010101
20010105
20010114
20010115
20010116
20010130
20010131
20010201
20010202
20010203
20010211
20010212
20010215
20010219
20010221
20010222
20010301
20010331
20010401
20010402
20010409
20010410
20010413
20010415
20010422
20010423
20010506
20010508
20010512
20011025
20011102
20011103
20011104
20011105
20011108
20011119
20011120
20011121
20011123
20011124
20011128
20011129
20011130
20011201
20011202
20011203
20011207
20011208
20011209
20011210
20011211
20011212
20011213
20011214
20011215
20011216
20011217
20011218
20011221
20011222
20011224
20011225
20011226
20011227
20011228
20020101
20020104
20020105
20020106
20020116
20020117
20020118
20020223
20020310
20020311
20020312
20020322
20020323
20020324
20020325
20020327
20020403
20020404
20020405
20020412
20020413
20020416
20020727
20020728
20020831
20020914
20020915
20020928
20020929
20021006
20021007
20021012
20021013
20021014
20021105
20021106
20021107
20021108
20021109
20021110
20021111
20021122
20021128
20021201
20021202
20021203
20021204
20021205
20021206
20021207
20021208
20021209
20021213
20021214
20021216
20021218
20021219
20021224
20021225
20021226
20021229
20021230
20030101
20030102
20030111
20030112
20030118
20030119
20030122
20030123
20030124
20030125
20030126
20030127
20030130
20030131
20030201
20030202
20030203
20030205
20030206
20030207
20030210
20030211
20030212
20030213
20030216
20030217
20030218
20030219
20030222
20030302
20030303
20030304
20030305
20030308
20030316
20030317
20030318
20030401
20030402
20030405
20030407
20030417
20030418
20030419
20030523
20030524
20030529
20030908
20031008
20031009
20031016
20031019
20031024
20031027
20031030
20031106
20031112
20031113
20031114
20031130
20031201
20031207
20031208
20031210
20031213
20031215
20031216
20031217
20031223
20031224
20031225
20031226
20031230
20031231
20040101
20040102
20040103
20040104
20040105
20040106
20040110
20040111
20040120
20040121
20040122
20040123
20040124
20040125
20040128
20040129
20040130
20040131
20040212
20040213
20040214
20040217
20040218
20040223
20040302
20040303
20040304
20040308
20040309
20040312
20040401
20040420
20040421
20040505
20040926
20041012
20041107
20041108
20041109
20041110
20041111
20041112
20041114
20041115
20041116
20041117
20041120
20041217
20041218
20041219
20041221
20041222
20041228
20041229
20041230
20041231
20050101
20050104
20050115
20050116
20050117
20050119
20050120
20050121
20050122
20050123
20050124
20050125
20050126
20050127
20050129
20050131
20050202
20050203
20050204
20050205
20050214
20050215
20050216
20050217
20050218
20050223
20050226
20050227
20050228
20050302
20050305
20050306
20050307
20050308
20050311
20050331
20050507
20050806
20050915
20050916
20051001
20051002
20051103
20051117
20051118
20051119
20051120
20051122
20051123
20051124
20051125
20051126
20051127
20051201
20051202
20051210
20051211
20051214
20051215
20051217
20051218
20051219
20051226
20051227
20051228
20051229
20051230
20060102
20060103
20060104
20060105
20060106
20060107
20060119
20060122
20060123
20060124
20060125
20060201
20060205
20060206
20060207
20060208
20060224
20060226
20060228
20060302
20060306
20060307
20060308
20060311
20060312
20060313
20060314
20060414
20060430
20060703
20060923
20060924
20060927
20060928
20061008
20061009
20061010
20061011
20061012
20061017
20061030
20061031
20061101
20061103
20061111
20061122
20061123
20061124
20061212
20061220
20070103
20070113
20070205
20070210
20070211
20070212
20070214
20070216
20070217
20070224
20070227
20070228
20070322
20070323
20070331
20070404
20070405
20070501
20070518
20070519
20070520
20070521
20070528
20070605
20070606
20070806
20071013
20071014
20071020
20071021
20071022
20071023
20071106
20071110
20071112
20071113
20071114
20071115
20071116
20071117
20071118
20071119
20071204
20071205
20071206
20071208
20071209
20071212
20071213
20071214
20071215
20071217
20071227
20071231
20080101
20080102
20080114
20080115
20080118
20080123
20080124
20080208
20080209
20080210
20080216
20080217
20080218
20080307
20080312
20080325
20080328
20080329
20080402
20080403
20080405
20080406
20080427
20080920
20080921
20080924
20080925
20080926
20080928
20081004
20081005
20081115
20081116
20081117
20081118
20081119
20081122
20081123
20081124
20081129
20081204
20081211
20081212
20081218
20081220
20081221
20081222
20081226
20081227
20081228
20090103
20090104
20090105
20090106
20090109
20090110
20090113
20090114
20090116
20090123
20090124
20090125
20090126
20090127
20090128
20090129
20090130
20090131
20090201
20090202
20090208
20090209
20090211
20090212
20090213
20090214
20090215
20090218
20090219
20090222
20090223
20090224
20090225
20090305
20090306
20090307
20090308
20090312
20090313
20090320
20090321
20090322
20090323
20090325
20090327
20090405
20090406
20090407
20090414
20090422
20090504
20090911
20090912
20091003
20091013
20091015
20091016
20091018
20091019
20091023
20091024
20091025
20091026
20091027
20091028
20091031
20091101
20091103
20091104
20091107
20091108
20091110
20091111
20091112
20091202
20091203
20091205
20091206
20091210
20091211
20091212
20091213
20091215
20091216
20091217
20091218
20091219
20091220
20091228
20100110
20100112
20100113
20100114
20100115
20100116
20100117
20100118
20100119
20100120
20100121
20100122
20100123
20100124
20100127
20100128
20100129
20100131
20100201
20100202
20100206
20100207
20100208
20100210
20100211
20100212
20100213
20100214
20100215
20100220
20100225
20100227
20100307
20100308
20100309
20100310
20100311
20100314
20100419
20100515
20100520
20100521
20100522
20100605
20100911
20100925
20101006
20101007
20101011
20101012
20101014
20101015
20101016
20101018
20101019
20101020
20101025
20101027
20101028
20101029
20101109
20101112
20101117
20101126
20101204
20101210
20101211
20101212
20101213
20101215
20101216
20101217
20101227
20101228
20110102
20110103
20110104
20110112
20110113
20110116
20110121
20110122
20110123
20110124
20110125
20110127
20110128
20110129
20110202
20110203
20110204
20110214
20110215
20110218
20110219
20110221
20110222
20110223
20110224
20110225
20110227
20110302
20110307
20110308
20110309
20110321
20110331
20110401
20110402
20110414
20110417
20110426
20110427
20110503
20110504
20110920
20110921
20110922
20111008
20111009
20111010
20111011
20111015
20111016
20111017
20111114
20111207
20111217
20111219
20111220
20111221
20111222
20111223
20111226
20111229
20111230
20111231
20120106
20120107
20120109
20120110
20120121
20120124
20120125
20120126
20120201
20120202
20120206
20120207
20120208
20120209
20120211
20120212
20120213
20120214
20120215
20120216
20120222
20120223
20120226
20120227
20120228
20120229
20120305
20120308
20120311
20120312
20120313
20120409
20120410
20120414
20120418
20120514
20120517
20120518
20120524
20120915
20120916
20121022
20121023
20121024
20121029
20121030
20121101
20121107
20121108
20121116
20121117
20121119
20121120
20121121
20121122
20121129
20121130
20121201
20121202
20121203
20121204
20121205
20121206
20121207
20121208
20121209
20121210
20121211
20121217
20121218
20121219
20121220
20121222
20121223
20121229
20121230
20121231
20130101
20130106
20130107
20130111
20130112
20130116
20130117
20130118
20130119
20130124
20130125
20130126
20130127
20130207
20130208
20130209
20130210
20130211
20130213
20130214
20130215
20130216
20130217
20130219
20130221
20130222
20130303
20130314
20130315
20130316
20130322
20130326
20130403
20130407
20130408
20130513
20130602
20130916
20131001
20131016
20131017
20131105
20131106
20131107
20131111
20131112
20131113
20131114
20131115
20131121
20131122
20131124
20131125
20131126
20131130
20131201
20131202
20131203
20131204
20131216
20131227
20131228
20140101
20140102
20140106
20140107
20140115
20140116
20140124
20140125
20140126
20140127
20140128
20140129
20140202
20140203
20140204
20140205
20140206
20140207
20140224
20140301
20140302
20140303
20140304
20140305
20140307
20140308
20140309
20140310
20140416
20140417
20140418
20140419
20140427
20140428
20140530
20140603
20140604
20140926
20140927
20141005
20141023
20141024
20141025
20141026
20141028
20141029
20141107
20141108
20141109
20141113
20141114
20141115
20141127
20141203
20141204
20141205
20141206
20141207
20141208
20141209
20141210
20141211
20141212
20141217
20141218
20141227
20141228
20141229
20141230
20141231
20150101
20150102
20150105
20150106
20150112
20150113
20150123
20150124
20150125
20150126
20150127
20150128
20150129
20150130
20150131
20150201
20150206
20150208
20150209
20150210
20150211
20150222
20150223
20150224
20150225
20150226
20150227
20150228
20150306
20150307
20150308
20150313
20150314
20150323
20150325
20150326
20150327
20150328
20150329
20150331
20150405
20150406
20150408
20150409
20150618
20150910
20150921
20150922
20150923
20150926
20151008
20151011
20151021
20151022
20151023
20151024
20151125
20151126
20151127
20151128
20151211
20151231
20160103
20160104
20160105
20160106
20160107
20160116
20160117
20160118
20160120
20160205
20160206
20160212
20160213
20160220
20160221
20160303
20160304
20160309
20160310
20160312
20160313
20160314
20160319
20160325
20160502
20160503
20160504
20160520
20160521
20160522
20160906
20160907
20160919
20161007
20161010
20161011
20161028
20161031
20161109
20161112
20161126
20161127
20161128
20161129
20161130
20161204
20161205
20161217
20161228
20161229
20161230
20161231
20170104
20170105
20170106
20170107
20170108
20170109
20170110
20170111
20170112
20170115
20170116
20170117
20170118
20170119
20170123
20170124
20170125
20170207
20170208
20170210
20170211
20170219
20170307
20170308
20170309
20170310
20170311
20170312
20170417
20170517
20170526
20170717
20170929
20170930
20171001
20171007
20171023
20171024
20171025
20171026
20171028
20171104
20171113
20171115
20171116
20171117
20171118
20171119
20171120
20171127
20171201
20171202
20171210
20171216
20171217
20171218
20171221
20171222
20171223
20171228
20171229
20171230
20180103
20180104
20180111
20180112
20180113
20180114
20180118
20180121
20180122
20180203
20180204
20180210
20180211
20180213
20180214
20180215
20180216
20180219
20180220
20180221
20180222
20180224
20180225
20180226
20180227
20180228
20180306
20180319
20180320
20180323
20180324
20180506
20180507
20180616
20180625
20180626
20180627
20180628
20180927
20180928
20180929
20180930
20181001
20181022
20181023
20181024
20181116
20181117
20181118
20181119
20181121
20181125
20181126
20181127
20181128
20181129
20181130
20181203
20181209
20181210
20181211
20181213
20181215
20181216
20181217
20181218
20181219
20181225
20181231
20190101
20190102
20190103
20190104
20190105
20190106
20190107
20190108
20190109
20190110
20190111
20190112
20190113
20190114
20190115
20190120
20190121
20190123
20190124
20190125
20190126
20190129
20190130
20190131
20190205
20190206
20190207
20190213
20190214
20190216
20190223
20190224
20190225
20190302
20190312
20190313
20190314
20190315
20190328
20190329
20190405
20190406
20190408
20190409
20190415
20190416
20190711
20190716
20190717
20190920
20190924
20191004
20191007
20191008
20191031
20191101
20191102
20191104
20191108
20191110
20191112
20191113
20191114
20191118
20191119
20191120
20191121
20191122
20191124
20191125
20191126
20191129
20191203
20191204
20191210
20191211
20191212
20191213
20191214
20191222
20191223
20191224
20191228
20191229
20191230
20191231
20200105
20200106
20200107
20200127
20200128
20200205
20200206
20200214
20200215
20200220
20200221
20200229
20200304
20200305
20200309
20200310
20200315
20200323
20200325
20200326
20200327
20200401
20200402
20200404
20200405
20200406
20200918
20200919
20201012
20201013
20201028
20201029
20201110
20201118
20201119
20201129
20201130
20201203
20201204
20201207
20201209
20201210
20201211
20201212
20201213
20201214
20201227
20201228
20210103
20210104
20210105
20210109
20210112
20210113
20210114
20210115
20210116
20210118
20210123
20210124
20210125
20210126
20210127
20210130
20210201
20210208
20210213
20210214
20210215
20210216
20210311
20210315
20210320
20210321
20210322
20210323
20210324
20210419
20210424
20211007
20211008
20211010
20211011
20211012
20211014
20211015
20211016
20211031
20211101
20211102
20211123
20211124
20211126
20211127
20211128
20211129
20211130
20211203
20211204
20211205
20211206
20211207
20211208
20211210
20211211
20211212
20211213
20211214
20211215
20211218
20211219
20211228
20211229
20211230
20211231
20220107
20220108
20220109
20220110
20220111
20220112
20220121
20220122
20220123
20220124
20220125
20220129
20220130
20220201
20220202
20220203
20220208
20220222
20220223
20220224
20220227
20220301
20220302
20220305
20220306
20220309
20220310
20220417
20220418
20220502
20220610
20220709
20220824
20220825
20220923
20221014
20221015
20221105
20221106
20221107
20221112
20221120
20221121
20221122
20221123
20221124
20221128
20221129
20221130
20221201
20221210
20221211
20221213
20221214
20230110
20230111
20230112
20230115
20230119
20230120
20230121
20230126
20230127
20230129
20230130
20230131
20230201
20230205
20230206
20230207
20230304
20230305
20230315
20230316
20230317
20230403
20230404
20230406
20230502
20230503
20230504
20230505
20230602
20230617
20230904
20230905
20230906
20230907
20230927
20231017
20231104
20231111
20231113
20231118
20231122
20231123
20231125
20231126
20231128
20231129
20231205
20231206
20231207
20231208
20231210
20231211
20231215
20231216
20231220
20231221
